1:2,11
11:12,21,1
21:22,31,11
31:32,41,21
41:42,51,31
51:52,61,41
61:62,71,51
71:72,81,61
81:82,91,71
91:92,81
2:1,3,12
12:11,13,22,2
22:21,23,32,12
32:31,33,42,22
42:41,43,52,32
52:51,53,62,42
62:61,63,72,52
72:71,73,82,62
82:81,83,92,72
92:91,93,82
3:2,4,13
13:12,14,23,3
23:22,24,33,13
33:32,34,43,23
43:42,44,53,33
53:52,54,63,43
63:62,64,73,53
73:72,74,83,63
83:82,84,93,73
93:92,94,83
4:3,5,14
14:13,15,24,4
24:23,25,34,14
34:33,35,44,24
44:43,45,54,34
54:53,55,64,44
64:63,65,74,54
74:73,75,84,64
84:83,85,94,74
94:93,95,84
5:4,6,15
15:14,16,25,5
25:24,26,35,15
35:34,36,45,25
45:44,46,55,35
55:54,56,65,45
65:64,66,75,55
75:74,76,85,65
85:84,86,95,75
95:94,96,85
6:5,7,16
16:15,17,26,6
26:25,27,36,16
36:35,37,46,26
46:45,47,56,36
56:55,57,66,46
66:65,67,76,56
76:75,77,86,66
86:85,87,96,76
96:95,97,86
7:6,8,17
17:16,18,27,7
27:26,28,37,17
37:36,38,47,27
47:46,48,57,37
57:56,58,67,47
67:66,68,77,57
77:76,78,87,67
87:86,88,97,77
97:96,98,87
8:7,9,18
18:17,19,28,8
28:27,29,38,18
38:37,39,48,28
48:47,49,58,38
58:57,59,68,48
68:67,69,78,58
78:77,79,88,68
88:87,89,98,78
98:97,99,88
9:8,10,19
19:18,20,29,9
29:28,30,39,19
39:38,40,49,29
49:48,50,59,39
59:58,60,69,49
69:68,70,79,59
79:78,80,89,69
89:88,90,99,79
99:98,100,89
10:9,20
20:19,30,10
30:29,40,20
40:39,50,30
50:49,60,40
60:59,70,50
70:69,80,60
80:79,90,70
90:89,100,80
100:99,90
