1:2,21
21:22,41,1
41:42,61,21
61:62,81,41
81:82,101,61
101:102,121,81
121:122,141,101
141:142,161,121
161:162,181,141
181:182,201,161
201:202,221,181
221:222,241,201
241:242,261,221
261:262,281,241
281:282,301,261
301:302,321,281
321:322,341,301
341:342,361,321
361:362,381,341
381:382,361
2:1,3,22
22:21,23,42,2
42:41,43,62,22
62:61,63,82,42
82:81,83,102,62
102:101,103,122,82
122:121,123,142,102
142:141,143,162,122
162:161,163,182,142
182:181,183,202,162
202:201,203,222,182
222:221,223,242,202
242:241,243,262,222
262:261,263,282,242
282:281,283,302,262
302:301,303,322,282
322:321,323,342,302
342:341,343,362,322
362:361,363,382,342
382:381,383,362
3:2,4,23
23:22,24,43,3
43:42,44,63,23
63:62,64,83,43
83:82,84,103,63
103:102,104,123,83
123:122,124,143,103
143:142,144,163,123
163:162,164,183,143
183:182,184,203,163
203:202,204,223,183
223:222,224,243,203
243:242,244,263,223
263:262,264,283,243
283:282,284,303,263
303:302,304,323,283
323:322,324,343,303
343:342,344,363,323
363:362,364,383,343
383:382,384,363
4:3,5,24
24:23,25,44,4
44:43,45,64,24
64:63,65,84,44
84:83,85,104,64
104:103,105,124,84
124:123,125,144,104
144:143,145,164,124
164:163,165,184,144
184:183,185,204,164
204:203,205,224,184
224:223,225,244,204
244:243,245,264,224
264:263,265,284,244
284:283,285,304,264
304:303,305,324,284
324:323,325,344,304
344:343,345,364,324
364:363,365,384,344
384:383,385,364
5:4,6,25
25:24,26,45,5
45:44,46,65,25
65:64,66,85,45
85:84,86,105,65
105:104,106,125,85
125:124,126,145,105
145:144,146,165,125
165:164,166,185,145
185:184,186,205,165
205:204,206,225,185
225:224,226,245,205
245:244,246,265,225
265:264,266,285,245
285:284,286,305,265
305:304,306,325,285
325:324,326,345,305
345:344,346,365,325
365:364,366,385,345
385:384,386,365
6:5,7,26
26:25,27,46,6
46:45,47,66,26
66:65,67,86,46
86:85,87,106,66
106:105,107,126,86
126:125,127,146,106
146:145,147,166,126
166:165,167,186,146
186:185,187,206,166
206:205,207,226,186
226:225,227,246,206
246:245,247,266,226
266:265,267,286,246
286:285,287,306,266
306:305,307,326,286
326:325,327,346,306
346:345,347,366,326
366:365,367,386,346
386:385,387,366
7:6,8,27
27:26,28,47,7
47:46,48,67,27
67:66,68,87,47
87:86,88,107,67
107:106,108,127,87
127:126,128,147,107
147:146,148,167,127
167:166,168,187,147
187:186,188,207,167
207:206,208,227,187
227:226,228,247,207
247:246,248,267,227
267:266,268,287,247
287:286,288,307,267
307:306,308,327,287
327:326,328,347,307
347:346,348,367,327
367:366,368,387,347
387:386,388,367
8:7,9,28
28:27,29,48,8
48:47,49,68,28
68:67,69,88,48
88:87,89,108,68
108:107,109,128,88
128:127,129,148,108
148:147,149,168,128
168:167,169,188,148
188:187,189,208,168
208:207,209,228,188
228:227,229,248,208
248:247,249,268,228
268:267,269,288,248
288:287,289,308,268
308:307,309,328,288
328:327,329,348,308
348:347,349,368,328
368:367,369,388,348
388:387,389,368
9:8,10,29
29:28,30,49,9
49:48,50,69,29
69:68,70,89,49
89:88,90,109,69
109:108,110,129,89
129:128,130,149,109
149:148,150,169,129
169:168,170,189,149
189:188,190,209,169
209:208,210,229,189
229:228,230,249,209
249:248,250,269,229
269:268,270,289,249
289:288,290,309,269
309:308,310,329,289
329:328,330,349,309
349:348,350,369,329
369:368,370,389,349
389:388,390,369
10:9,11,30
30:29,31,50,10
50:49,51,70,30
70:69,71,90,50
90:89,91,110,70
110:109,111,130,90
130:129,131,150,110
150:149,151,170,130
170:169,171,190,150
190:189,191,210,170
210:209,211,230,190
230:229,231,250,210
250:249,251,270,230
270:269,271,290,250
290:289,291,310,270
310:309,311,330,290
330:329,331,350,310
350:349,351,370,330
370:369,371,390,350
390:389,391,370
11:10,12,31
31:30,32,51,11
51:50,52,71,31
71:70,72,91,51
91:90,92,111,71
111:110,112,131,91
131:130,132,151,111
151:150,152,171,131
171:170,172,191,151
191:190,192,211,171
211:210,212,231,191
231:230,232,251,211
251:250,252,271,231
271:270,272,291,251
291:290,292,311,271
311:310,312,331,291
331:330,332,351,311
351:350,352,371,331
371:370,372,391,351
391:390,392,371
12:11,13,32
32:31,33,52,12
52:51,53,72,32
72:71,73,92,52
92:91,93,112,72
112:111,113,132,92
132:131,133,152,112
152:151,153,172,132
172:171,173,192,152
192:191,193,212,172
212:211,213,232,192
232:231,233,252,212
252:251,253,272,232
272:271,273,292,252
292:291,293,312,272
312:311,313,332,292
332:331,333,352,312
352:351,353,372,332
372:371,373,392,352
392:391,393,372
13:12,14,33
33:32,34,53,13
53:52,54,73,33
73:72,74,93,53
93:92,94,113,73
113:112,114,133,93
133:132,134,153,113
153:152,154,173,133
173:172,174,193,153
193:192,194,213,173
213:212,214,233,193
233:232,234,253,213
253:252,254,273,233
273:272,274,293,253
293:292,294,313,273
313:312,314,333,293
333:332,334,353,313
353:352,354,373,333
373:372,374,393,353
393:392,394,373
14:13,15,34
34:33,35,54,14
54:53,55,74,34
74:73,75,94,54
94:93,95,114,74
114:113,115,134,94
134:133,135,154,114
154:153,155,174,134
174:173,175,194,154
194:193,195,214,174
214:213,215,234,194
234:233,235,254,214
254:253,255,274,234
274:273,275,294,254
294:293,295,314,274
314:313,315,334,294
334:333,335,354,314
354:353,355,374,334
374:373,375,394,354
394:393,395,374
15:14,16,35
35:34,36,55,15
55:54,56,75,35
75:74,76,95,55
95:94,96,115,75
115:114,116,135,95
135:134,136,155,115
155:154,156,175,135
175:174,176,195,155
195:194,196,215,175
215:214,216,235,195
235:234,236,255,215
255:254,256,275,235
275:274,276,295,255
295:294,296,315,275
315:314,316,335,295
335:334,336,355,315
355:354,356,375,335
375:374,376,395,355
395:394,396,375
16:15,17,36
36:35,37,56,16
56:55,57,76,36
76:75,77,96,56
96:95,97,116,76
116:115,117,136,96
136:135,137,156,116
156:155,157,176,136
176:175,177,196,156
196:195,197,216,176
216:215,217,236,196
236:235,237,256,216
256:255,257,276,236
276:275,277,296,256
296:295,297,316,276
316:315,317,336,296
336:335,337,356,316
356:355,357,376,336
376:375,377,396,356
396:395,397,376
17:16,18,37
37:36,38,57,17
57:56,58,77,37
77:76,78,97,57
97:96,98,117,77
117:116,118,137,97
137:136,138,157,117
157:156,158,177,137
177:176,178,197,157
197:196,198,217,177
217:216,218,237,197
237:236,238,257,217
257:256,258,277,237
277:276,278,297,257
297:296,298,317,277
317:316,318,337,297
337:336,338,357,317
357:356,358,377,337
377:376,378,397,357
397:396,398,377
18:17,19,38
38:37,39,58,18
58:57,59,78,38
78:77,79,98,58
98:97,99,118,78
118:117,119,138,98
138:137,139,158,118
158:157,159,178,138
178:177,179,198,158
198:197,199,218,178
218:217,219,238,198
238:237,239,258,218
258:257,259,278,238
278:277,279,298,258
298:297,299,318,278
318:317,319,338,298
338:337,339,358,318
358:357,359,378,338
378:377,379,398,358
398:397,399,378
19:18,20,39
39:38,40,59,19
59:58,60,79,39
79:78,80,99,59
99:98,100,119,79
119:118,120,139,99
139:138,140,159,119
159:158,160,179,139
179:178,180,199,159
199:198,200,219,179
219:218,220,239,199
239:238,240,259,219
259:258,260,279,239
279:278,280,299,259
299:298,300,319,279
319:318,320,339,299
339:338,340,359,319
359:358,360,379,339
379:378,380,399,359
399:398,400,379
20:19,40
40:39,60,20
60:59,80,40
80:79,100,60
100:99,120,80
120:119,140,100
140:139,160,120
160:159,180,140
180:179,200,160
200:199,220,180
220:219,240,200
240:239,260,220
260:259,280,240
280:279,300,260
300:299,320,280
320:319,340,300
340:339,360,320
360:359,380,340
380:379,400,360
400:399,380
